1901.042 25.326
1901.125 28.643
1901.208 28.397
1901.292 28.612
1901.375 27.477
1901.458 26.638
1901.542 25.647
1901.625 25.338
1901.708 25.836
1901.792 26.874
1901.875 27.312
1901.958 25.707
1902.042 26.136
1902.125 28.276
1902.208 28.965
1902.292 29.637
1902.375 28.258
1902.458 25.877
1902.542 25.631
1902.625 25.497
1902.708 25.671
1902.792 26.081
1902.875 27.346
1902.958 26.456
1903.042 26.905
1903.125 28.972
1903.208 29.453
1903.292 29.137
1903.375 28.124
1903.458 26.596
1903.542 25.546
1903.625 25.268
1903.708 25.725
1903.792 26.913
1903.875 27.230
1903.958 26.465
1904.042 26.808
1904.125 28.738
1904.208 29.452
1904.292 29.085
1904.375 28.176
1904.458 26.675
1904.542 25.603
1904.625 25.336
1904.708 25.833
1904.792 26.899
1904.875 27.299
1904.958 26.538
1905.042 25.998
1905.125 27.161
1905.208 28.447
1905.292 28.779
1905.375 28.187
1905.458 26.079
1905.542 25.616
1905.625 25.003
1905.708 25.594
1905.792 26.911
1905.875 27.648
1905.958 26.681
1906.042 26.173
1906.125 29.087
1906.208 29.743
1906.292 30.799
1906.375 28.339
1906.458 27.163
1906.542 25.249
1906.625 25.100
1906.708 26.058
1906.792 26.832
1906.875 27.210
1906.958 26.584
1907.042 26.962
1907.125 27.420
1907.208 29.096
1907.292 28.959
1907.375 29.022
1907.458 26.647
1907.542 26.209
1907.625 25.320
1907.708 25.932
1907.792 27.881
1907.875 27.409
1907.958 25.815
1908.042 26.723
1908.125 28.477
1908.208 29.158
1908.292 29.576
1908.375 28.524
1908.458 27.301
1908.542 26.022
1908.625 24.992
1908.708 25.874
1908.792 26.583
1908.875 26.850
1908.958 26.150
1909.042 26.883
1909.125 29.639
1909.208 31.018
1909.292 29.059
1909.375 27.869
1909.458 25.523
1909.542 24.900
1909.625 24.074
1909.708 25.792
1909.792 26.129
1909.875 27.459
1909.958 26.559
1910.042 26.166
1910.125 29.614
1910.208 29.261
1910.292 29.252
1910.375 28.636
1910.458 27.956
1910.542 26.006
1910.625 25.554
1910.708 25.843
1910.792 26.511
1910.875 27.294
1910.958 26.564
1911.042 26.660
1911.125 28.926
1911.208 29.617
1911.292 29.251
1911.375 28.018
1911.458 25.741
1911.542 25.616
1911.625 25.015
1911.708 25.610
1911.792 26.499
1911.875 26.830
1911.958 25.432
1912.042 27.275
1912.125 28.811
1912.208 29.247
1912.292 29.893
1912.375 28.547
1912.458 26.918
1912.542 26.079
1912.625 25.807
1912.708 26.021
1912.792 26.465
1912.875 26.252
1912.958 26.301
1913.042 27.235
1913.125 29.127
1913.208 28.105
1913.292 28.856
1913.375 28.848
1913.458 28.134
1913.542 26.730
1913.625 26.739
1913.708 26.626
1913.792 26.587
1913.875 26.200
1913.958 25.823
1914.042 28.465
1914.125 28.610
1914.208 28.806
1914.292 28.909
1914.375 29.279
1914.458 27.936
1914.542 26.193
1914.625 25.636
1914.708 25.673
1914.792 26.742
1914.875 27.626
1914.958 25.908
1915.042 25.864
1915.125 28.133
1915.208 29.788
1915.292 28.541
1915.375 28.027
1915.458 25.962
1915.542 25.672
1915.625 25.277
1915.708 25.479
1915.792 26.265
1915.875 26.789
1915.958 25.864
1916.042 25.769
1916.125 27.675
1916.208 29.206
1916.292 28.373
1916.375 27.507
1916.458 26.054
1916.542 25.700
1916.625 24.719
1916.708 24.959
1916.792 25.936
1916.875 26.036
1916.958 26.505
1917.042 26.968
1917.125 28.935
1917.208 28.453
1917.292 28.439
1917.375 27.278
1917.458 25.987
1917.542 25.670
1917.625 25.338
1917.708 25.051
1917.792 26.031
1917.875 25.707
1917.958 26.154
1918.042 26.318
1918.125 27.281
1918.208 27.933
1918.292 28.531
1918.375 27.474
1918.458 26.586
1918.542 25.559
1918.625 24.454
1918.708 24.961
1918.792 26.425
1918.875 26.688
1918.958 26.443
1919.042 26.942
1919.125 29.027
1919.208 29.456
1919.292 29.027
1919.375 28.031
1919.458 26.586
1919.542 25.541
1919.625 25.294
1919.708 25.725
1919.792 26.812
1919.875 27.298
1919.958 26.545
1920.042 26.950
1920.125 29.027
1920.208 29.456
1920.292 29.076
1920.375 28.123
1920.458 26.605
1920.542 25.584
1920.625 25.294
1920.708 25.769
1920.792 26.812
1920.875 27.236
1920.958 26.519
1921.042 26.885
1921.125 29.002
1921.208 29.490
1921.292 29.058
1921.375 28.018
1921.458 26.512
1921.542 25.603
1921.625 25.338
1921.708 25.788
1921.792 26.888
1921.875 27.236
1921.958 26.510
1922.042 26.968
1922.125 29.027
1922.208 29.532
1922.292 29.058
1922.375 28.123
1922.458 26.638
1922.542 25.603
1922.625 24.522
1922.708 24.791
1922.792 26.191
1922.875 26.715
1922.958 26.026
1923.042 27.101
1923.125 28.121
1923.208 28.645
1923.292 27.556
1923.375 27.323
1923.458 26.415
1923.542 25.654
1923.625 24.740
1923.708 25.595
1923.792 26.535
1923.875 26.752
1923.958 26.891
1924.042 26.332
1924.125 29.686
1924.208 29.851
1924.292 28.226
1924.375 27.438
1924.458 26.256
1924.542 25.117
1924.625 25.108
1924.708 25.899
1924.792 26.475
1924.875 26.985
1924.958 26.319
1925.042 24.974
1925.125 28.079
1925.208 29.207
1925.292 29.294
1925.375 27.750
1925.458 25.508
1925.542 25.236
1925.625 24.811
1925.708 25.425
1925.792 25.984
1925.875 27.250
1925.958 25.758
1926.042 26.566
1926.125 29.873
1926.208 29.936
1926.292 29.371
1926.375 28.020
1926.458 26.180
1926.542 24.738
1926.625 25.981
1926.708 26.627
1926.792 27.661
1926.875 27.234
1926.958 27.013
1927.042 26.026
1927.125 29.019
1927.208 28.255
1927.292 28.909
1927.375 27.533
1927.458 25.967
1927.542 25.307
1927.625 24.493
1927.708 25.868
1927.792 26.177
1927.875 27.002
1927.958 25.962
1928.042 26.282
1928.125 27.870
1928.208 28.179
1928.292 27.270
1928.375 27.006
1928.458 26.588
1928.542 25.580
1928.625 24.207
1928.708 25.292
1928.792 25.833
1928.875 26.714
1928.958 26.021
1929.042 26.512
1929.125 27.627
1929.208 28.028
1929.292 28.221
1929.375 27.639
1929.458 26.236
1929.542 26.032
1929.625 25.022
1929.708 26.179
1929.792 26.035
1929.875 26.249
1929.958 25.247
1930.042 26.564
1930.125 29.272
1930.208 29.646
1930.292 28.850
1930.375 27.619
1930.458 26.475
1930.542 25.586
1930.625 25.279
1930.708 26.130
1930.792 25.996
1930.875 27.984
1930.958 27.522
1931.042 27.468
1931.125 29.016
1931.208 29.628
1931.292 29.250
1931.375 28.224
1931.458 26.853
1931.542 26.303
1931.625 25.924
1931.708 25.464
1931.792 26.972
1931.875 27.744
1931.958 27.952
1932.042 27.345
1932.125 29.502
1932.208 30.022
1932.292 29.968
1932.375 28.575
1932.458 26.233
1932.542 25.325
1932.625 26.035
1932.708 25.915
1932.792 27.639
1932.875 28.758
1932.958 27.834
1933.042 28.622
1933.125 29.883
1933.208 30.079
1933.292 29.449
1933.375 27.444
1933.458 26.626
1933.542 25.857
1933.625 25.307
1933.708 26.288
1933.792 26.511
1933.875 28.115
1933.958 27.098
1934.042 26.807
1934.125 28.848
1934.208 29.258
1934.292 29.048
1934.375 28.255
1934.458 26.437
1934.542 25.726
1934.625 25.775
1934.708 26.383
1934.792 27.211
1934.875 28.474
1934.958 27.162
1935.042 27.196
1935.125 29.229
1935.208 30.771
1935.292 29.983
1935.375 27.668
1935.458 25.736
1935.542 25.148
1935.625 24.784
1935.708 25.708
1935.792 26.101
1935.875 26.727
1935.958 26.765
1936.042 26.547
1936.125 29.660
1936.208 30.350
1936.292 28.376
1936.375 27.195
1936.458 26.120
1936.542 25.270
1936.625 24.776
1936.708 25.325
1936.792 26.831
1936.875 27.640
1936.958 26.200
1937.042 27.370
1937.125 29.384
1937.208 30.529
1937.292 30.413
1937.375 29.196
1937.458 27.376
1937.542 26.007
1937.625 26.126
1937.708 26.192
1937.792 27.292
1937.875 28.609
1937.958 27.882
1938.042 27.816
1938.125 30.707
1938.208 30.121
1938.292 30.346
1938.375 29.428
1938.458 28.133
1938.542 26.226
1938.625 25.555
1938.708 26.448
1938.792 28.214
1938.875 28.624
1938.958 28.138
1939.042 28.059
1939.125 28.880
1939.208 30.046
1939.292 30.029
1939.375 28.826
1939.458 27.071
1939.542 26.312
1939.625 25.583
1939.708 26.059
1939.792 27.736
1939.875 28.593
1939.958 27.727
1940.042 26.866
1940.125 28.873
1940.208 29.456
1940.292 29.153
1940.375 28.207
1940.458 26.680
1940.542 25.647
1940.625 25.357
1940.708 25.831
1940.792 26.812
1940.875 27.236
1940.958 26.443
1941.042 27.636
1941.125 29.103
1941.208 30.605
1941.292 29.596
1941.375 28.859
1941.458 27.212
1941.542 26.218
1941.625 26.116
1941.708 27.063
1941.792 28.158
1941.875 28.126
1941.958 27.291
1942.042 26.928
1942.125 29.864
1942.208 30.153
1942.292 29.603
1942.375 28.106
1942.458 27.179
1942.542 25.845
1942.625 25.223
1942.708 27.062
1942.792 27.263
1942.875 27.854
1942.958 26.394
1943.042 26.761
1943.125 29.007
1943.208 29.226
1943.292 28.930
1943.375 27.447
1943.458 26.351
1943.542 25.525
1943.625 25.225
1943.708 25.998
1943.792 26.998
1943.875 27.378
1943.958 27.166
1944.042 26.462
1944.125 28.522
1944.208 29.323
1944.292 29.048
1944.375 29.311
1944.458 27.001
1944.542 26.279
1944.625 25.912
1944.708 26.596
1944.792 27.671
1944.875 27.590
1944.958 27.110
1945.042 27.444
1945.125 28.547
1945.208 29.177
1945.292 29.109
1945.375 28.494
1945.458 26.929
1945.542 26.004
1945.625 25.570
1945.708 26.699
1945.792 26.728
1945.875 27.301
1945.958 26.071
1946.042 27.246
1946.125 28.823
1946.208 29.978
1946.292 29.317
1946.375 28.146
1946.458 25.954
1946.542 25.499
1946.625 24.863
1946.708 25.707
1946.792 25.943
1946.875 27.363
1946.958 26.053
1947.042 26.533
1947.125 30.263
1947.208 29.192
1947.292 29.069
1947.375 28.994
1947.458 26.978
1947.542 25.902
1947.625 25.948
1947.708 26.167
1947.792 26.980
1947.875 26.752
1947.958 26.514
1948.042 26.166
1948.125 28.583
1948.208 29.314
1948.292 28.605
1948.375 27.558
1948.458 25.832
1948.542 25.636
1948.625 25.541
1948.708 26.194
1948.792 27.374
1948.875 26.985
1948.958 26.509
1949.042 27.208
1949.125 28.729
1949.208 30.065
1949.292 29.400
1949.375 28.203
1949.458 26.855
1949.542 26.222
1949.625 25.549
1949.708 26.442
1949.792 27.499
1949.875 27.707
1949.958 26.519
1950.042 27.266
1950.125 28.322
1950.208 29.031
1950.292 28.804
1950.375 28.379
1950.458 26.653
1950.542 25.515
1950.625 25.012
1950.708 25.768
1950.792 26.474
1950.875 26.726
1950.958 26.088
1951.042 27.224
1951.125 28.967
1951.208 29.212
1951.292 29.441
1951.375 27.981
1951.458 27.107
1951.542 25.636
1951.625 25.795
1951.708 26.131
1951.792 26.356
1951.875 26.743
1951.958 26.236
1952.042 26.907
1952.125 28.531
1952.208 29.330
1952.292 29.604
1952.375 27.982
1952.458 26.724
1952.542 25.531
1952.625 25.132
1952.708 25.247
1952.792 26.225
1952.875 26.897
1952.958 26.592
1953.042 27.305
1953.125 28.372
1953.208 28.950
1953.292 29.418
1953.375 27.542
1953.458 26.167
1953.542 25.201
1953.625 25.254
1953.708 25.659
1953.792 26.538
1953.875 27.376
1953.958 26.222
1954.042 26.657
1954.125 28.508
1954.208 29.159
1954.292 28.588
1954.375 27.655
1954.458 26.000
1954.542 24.764
1954.625 24.867
1954.708 25.404
1954.792 25.989
1954.875 27.054
1954.958 26.580
1955.042 26.863
1955.125 28.563
1955.208 28.528
1955.292 28.311
1955.375 27.760
1955.458 26.013
1955.542 24.976
1955.625 25.097
1955.708 25.097
1955.792 26.157
1955.875 26.949
1955.958 25.780
1956.042 26.473
1956.125 28.770
1956.208 28.326
1956.292 28.565
1956.375 27.660
1956.458 25.764
1956.542 24.671
1956.625 24.976
1956.708 25.652
1956.792 26.414
1956.875 27.073
1956.958 26.056
1957.042 25.919
1957.125 28.058
1957.208 29.006
1957.292 28.969
1957.375 27.660
1957.458 26.273
1957.542 25.440
1957.625 25.318
1957.708 25.479
1957.792 26.094
1957.875 27.087
1957.958 26.750
1958.042 27.621
1958.125 28.364
1958.208 29.599
1958.292 29.035
1958.375 27.866
1958.458 25.721
1958.542 25.066
1958.625 25.273
1958.708 25.564
1958.792 26.897
1958.875 27.349
1958.958 26.468
1959.042 27.163
1959.125 28.882
1959.208 29.449
1959.292 29.439
1959.375 27.642
1959.458 26.532
1959.542 25.462
1959.625 25.166
1959.708 25.645
1959.792 27.045
1959.875 27.522
1959.958 26.226
1960.042 26.921
1960.125 28.779
1960.208 28.900
1960.292 28.297
1960.375 28.123
1960.458 26.175
1960.542 25.504
1960.625 25.379
1960.708 25.812
1960.792 26.555
1960.875 27.025
1960.958 26.418
1961.042 26.681
1961.125 27.933
1961.208 29.136
1961.292 28.693
1961.375 28.369
1961.458 26.102
1961.542 25.065
1961.625 24.726
1961.708 25.417
1961.792 27.014
1961.875 27.053
1961.958 26.293
1962.042 26.729
1962.125 28.621
1962.208 29.450
1962.292 28.636
1962.375 27.539
1962.458 25.700
1962.542 25.577
1962.625 24.794
1962.708 25.479
1962.792 26.536
1962.875 27.146
1962.958 26.057
1963.042 27.107
1963.125 29.067
1963.208 28.906
1963.292 28.647
1963.375 27.790
1963.458 26.864
1963.542 26.065
1963.625 26.004
1963.708 26.435
1963.792 26.502
1963.875 26.915
1963.958 26.535
1964.042 26.769
1964.125 28.785
1964.208 29.505
1964.292 28.784
1964.375 27.632
1964.458 26.097
1964.542 25.044
1964.625 24.716
1964.708 25.226
1964.792 25.954
1964.875 26.711
1964.958 26.267
1965.042 26.789
1965.125 28.629
1965.208 29.213
1965.292 28.538
1965.375 27.564
1965.458 26.193
1965.542 25.383
1965.625 25.039
1965.708 25.769
1965.792 26.886
1965.875 27.226
1965.958 26.100
1966.042 26.979
1966.125 28.581
1966.208 29.471
1966.292 29.039
1966.375 28.267
1966.458 26.411
1966.542 26.231
1966.625 25.642
1966.708 25.834
1966.792 26.953
1966.875 27.587
1966.958 26.698
1967.042 26.235
1967.125 28.690
1967.208 28.904
1967.292 28.836
1967.375 28.121
1967.458 26.264
1967.542 25.190
1967.625 25.186
1967.708 25.501
1967.792 26.641
1967.875 27.179
1967.958 26.696
1968.042 26.350
1968.125 28.864
1968.208 28.993
1968.292 28.250
1968.375 27.826
1968.458 26.352
1968.542 25.944
1968.625 26.462
1968.708 25.918
1968.792 27.113
1968.875 27.302
1968.958 27.084
1969.042 27.104
1969.125 29.463
1969.208 29.728
1969.292 29.693
1969.375 28.626
1969.458 26.960
1969.542 25.631
1969.625 25.519
1969.708 25.770
1969.792 26.522
1969.875 26.894
1969.958 27.129
1970.042 27.458
1970.125 29.299
1970.208 29.754
1970.292 29.674
1970.375 27.857
1970.458 27.182
1970.542 25.421
1970.625 25.218
1970.708 25.527
1970.792 27.177
1970.875 26.855
1970.958 26.298
1971.042 26.136
1971.125 28.344
1971.208 28.658
1971.292 28.577
1971.375 27.760
1971.458 26.166
1971.542 25.024
1971.625 24.392
1971.708 24.951
1971.792 26.280
1971.875 26.922
1971.958 25.720
1972.042 26.640
1972.125 28.729
1972.208 28.937
1972.292 28.214
1972.375 27.417
1972.458 26.198
1972.542 25.630
1972.625 24.926
1972.708 25.721
1972.792 26.520
1972.875 27.121
1972.958 26.633
1973.042 27.311
1973.125 29.760
1973.208 29.601
1973.292 29.547
1973.375 28.508
1973.458 26.776
1973.542 25.911
1973.625 25.319
1973.708 25.570
1973.792 26.786
1973.875 27.083
1973.958 26.307
1974.042 26.190
1974.125 28.517
1974.208 29.029
1974.292 28.802
1974.375 27.782
1974.458 26.365
1974.542 25.237
1974.625 25.260
1974.708 25.050
1974.792 26.183
1974.875 26.816
1974.958 25.579
1975.042 25.945
1975.125 28.214
1975.208 29.015
1975.292 28.479
1975.375 27.556
1975.458 26.446
1975.542 25.043
1975.625 24.711
1975.708 24.921
1975.792 26.246
1975.875 26.920
1975.958 26.263
1976.042 26.422
1976.125 28.090
1976.208 28.784
1976.292 28.484
1976.375 27.403
1976.458 25.517
1976.542 25.086
1976.625 24.621
1976.708 25.464
1976.792 25.479
1976.875 26.254
1976.958 26.176
1977.042 27.109
1977.125 28.625
1977.208 29.640
1977.292 29.575
1977.375 28.150
1977.458 26.501
1977.542 25.707
1977.625 24.834
1977.708 25.701
1977.792 26.714
1977.875 27.262
1977.958 26.072
1978.042 27.176
1978.125 29.243
1978.208 28.747
1978.292 28.148
1978.375 27.521
1978.458 25.922
1978.542 24.794
1978.625 24.973
1978.708 25.336
1978.792 26.252
1978.875 26.574
1978.958 26.754
1979.042 27.568
1979.125 28.618
1979.208 29.621
1979.292 29.336
1979.375 27.889
1979.458 25.934
1979.542 25.487
1979.625 25.545
1979.708 25.739
1979.792 26.710
1979.875 27.056
1979.958 25.929
1980.042 27.034
1980.125 28.680
1980.208 29.269
1980.292 29.331
1980.375 27.637
1980.458 26.671
1980.542 25.289
1980.625 25.166
1980.708 25.980
1980.792 26.403
1980.875 26.742
1980.958 25.168
1981.042 26.457
1981.125 29.266
1981.208 29.626
1981.292 29.359
1981.375 27.795
1981.458 27.028
1981.542 25.468
1981.625 25.498
1981.708 26.022
1981.792 27.427
1981.875 27.433
1981.958 27.153
1982.042 26.857
1982.125 28.916
1982.208 29.246
1982.292 29.040
1982.375 27.791
1982.458 26.699
1982.542 25.617
1982.625 25.154
1982.708 26.155
1982.792 26.648
1982.875 26.998
1982.958 26.729
1983.042 25.914
1983.125 29.671
1983.208 30.561
1983.292 30.096
1983.375 28.663
1983.458 26.536
1983.542 25.822
1983.625 25.688
1983.708 26.231
1983.792 27.673
1983.875 27.816
1983.958 26.990
1984.042 27.266
1984.125 29.067
1984.208 29.748
1984.292 29.250
1984.375 28.289
1984.458 27.222
1984.542 26.086
1984.625 26.262
1984.708 26.050
1984.792 27.036
1984.875 27.939
1984.958 26.181
1985.042 27.646
1985.125 28.927
1985.208 29.901
1985.292 29.141
1985.375 28.441
1985.458 26.765
1985.542 25.461
1985.625 25.728
1985.708 25.706
1985.792 27.230
1985.875 27.810
1985.958 26.077
1986.042 26.907
1986.125 29.580
1986.208 29.449
1986.292 29.743
1986.375 28.890
1986.458 26.977
1986.542 25.436
1986.625 25.266
1986.708 25.778
1986.792 26.801
1986.875 26.945
1986.958 25.961
1987.042 27.946
1987.125 29.631
1987.208 29.915
1987.292 30.627
1987.375 29.422
1987.458 27.377
1987.542 26.825
1987.625 26.515
1987.708 26.789
1987.792 27.358
1987.875 28.387
1987.958 27.034
1988.042 27.332
1988.125 29.928
1988.208 30.479
1988.292 29.650
1988.375 29.173
1988.458 26.937
1988.542 25.830
1988.625 25.520
1988.708 26.172
1988.792 27.733
1988.875 27.847
1988.958 26.287
1989.042 26.108
1989.125 28.834
1989.208 29.345
1989.292 29.726
1989.375 28.846
1989.458 27.088
1989.542 26.087
1989.625 25.614
1989.708 26.071
1989.792 26.814
1989.875 28.104
1989.958 26.980
1990.042 27.400
1990.125 28.820
1990.208 30.477
1990.292 29.950
1990.375 28.812
1990.458 27.051
1990.542 25.683
1990.625 25.668
1990.708 26.315
1990.792 27.460
1990.875 27.629
1990.958 26.972
1991.042 27.672
1991.125 29.778
1991.208 29.933
1991.292 28.732
1991.375 27.572
1991.458 27.342
1991.542 25.790
1991.625 25.262
1991.708 26.223
1991.792 26.097
1991.875 27.121
1991.958 26.303
1992.042 26.237
1992.125 29.483
1992.208 29.806
1992.292 29.380
1992.375 28.318
1992.458 26.351
1992.542 25.337
1992.625 24.943
1992.708 25.663
1992.792 26.806
1992.875 26.522
1992.958 26.570
1993.042 26.123
1993.125 28.825
1993.208 29.001
1993.292 29.681
1993.375 28.860
1993.458 26.907
1993.542 25.686
1993.625 25.503
1993.708 25.999
1993.792 27.327
1993.875 28.007
1993.958 26.881
1994.042 27.050
1994.125 29.297
1994.208 29.994
1994.292 29.479
1994.375 28.185
1994.458 26.830
1994.542 25.705
1994.625 25.370
1994.708 25.975
1994.792 26.438
1994.875 27.348
1994.958 26.170
1995.042 26.720
1995.125 29.121
1995.208 29.781
1995.292 29.622
1995.375 28.667
1995.458 27.427
1995.542 26.238
1995.625 25.803
1995.708 26.341
1995.792 27.004
1995.875 27.368
1995.958 27.259
1996.042 27.654
1996.125 29.439
1996.208 30.106
1996.292 29.314
1996.375 28.805
1996.458 26.913
1996.542 26.022
1996.625 25.440
1996.708 25.646
1996.792 26.628
1996.875 27.111
1996.958 26.812
1997.042 27.807
1997.125 28.695
1997.208 29.640
1997.292 29.344
1997.375 27.853
1997.458 26.360
1997.542 25.760
1997.625 25.485
1997.708 26.567
1997.792 27.465
1997.875 27.786
1997.958 27.240
1998.042 27.398
1998.125 30.397
1998.208 30.580
1998.292 30.761
1998.375 29.325
1998.458 27.469
1998.542 26.373
1998.625 25.608
1998.708 26.167
1998.792 27.237
1998.875 28.025
1998.958 27.184
1999.042 27.395
1999.125 28.450
1999.208 29.999
1999.292 29.293
1999.375 28.520
1999.458 27.541
1999.542 26.046
1999.625 25.624
1999.708 25.576
1999.792 26.330
1999.875 27.538
1999.958 26.793
2000.042 27.757
2000.125 28.289
2000.208 29.843
2000.292 29.552
2000.375 28.847
2000.458 26.862
2000.542 25.873
2000.625 25.615
2000.708 26.178
2000.792 27.024
2000.875 27.753
2000.958 26.859
2001.042 26.609
2001.125 28.865
2001.208 29.889
2001.292 29.184
2001.375 28.255
2001.458 27.054
2001.542 25.956
2001.625 25.493
2001.708 26.053
2001.792 27.384
2001.875 28.013
2001.958 26.862
2002.042 26.980
2002.125 28.396
2002.208 30.001
2002.292 29.416
2002.375 29.309
2002.458 27.295
2002.542 26.365
2002.625 25.621
2002.708 26.104
2002.792 26.771
2002.875 27.270
2002.958 26.660
2003.042 27.080
2003.125 29.986
2003.208 29.733
2003.292 29.285
2003.375 28.697
2003.458 26.738
2003.542 25.864
2003.625 25.850
2003.708 26.326
2003.792 27.618
2003.875 27.838
2003.958 26.912
2004.042 27.484
2004.125 29.223
2004.208 29.978
2004.292 29.293
2004.375 28.108
2004.458 26.671
2004.542 25.783
2004.625 25.702
2004.708 26.171
2004.792 27.529
2004.875 28.034
2004.958 27.909
2005.042 26.866
2005.125 30.520
2005.208 30.214
2005.292 29.932
2005.375 28.482
2005.458 27.038
2005.542 25.895
2005.625 25.481
2005.708 26.469
2005.792 27.382
2005.875 28.078
2005.958 27.719
2006.042 25.898
2006.125 29.586
2006.208 29.838
2006.292 30.346
2006.375 28.101
2006.458 27.593
2006.542 26.511
2006.625 25.916
2006.708 26.168
2006.792 27.368
2006.875 26.821
2006.958 26.769
2007.042 25.847
2007.125 29.617
2007.208 30.139
2007.292 29.196
2007.375 28.818
2007.458 27.228
2007.542 26.413
2007.625 25.801
2007.708 26.385
2007.792 27.270
2007.875 27.573
2007.958 26.647
2008.042 25.227
2008.125 28.321
2008.208 29.403
2008.292 29.757
2008.375 28.636
2008.458 27.002
2008.542 26.067
2008.625 25.741
2008.708 26.290
2008.792 27.179
2008.875 27.081
2008.958 27.042
2009.042 26.857
2009.125 29.830
2009.208 29.654
2009.292 29.291
2009.375 28.949
2009.458 27.464
2009.542 26.193
2009.625 25.829
2009.708 26.299
2009.792 26.961
2009.875 27.075
2009.958 26.785
2010.042 27.979
2010.125 30.695
2010.208 30.795
2010.292 30.175
2010.375 29.045
2010.458 27.633
2010.542 26.379
2010.625 26.121
2010.708 26.349
2010.792 26.944
2010.875 27.424
2010.958 26.700
2011.042 27.190
2011.125 29.273
2011.208 30.258
2011.292 29.837
2011.375 28.669
2011.458 27.401
2011.542 26.207
2011.625 25.784
2011.708 26.342
2011.792 27.339
2011.875 27.509
2011.958 26.666
2012.042 27.215
2012.125 29.155
2012.208 30.213
2012.292 29.180
2012.375 27.913
2012.458 26.708
2012.542 25.947
2012.625 25.499
2012.708 26.038
2012.792 26.903
2012.875 27.851
2012.958 26.496